0.00	2.33	3.01	3.64	3.65	4.12	4.23	3.39	2.95	3.98	3.82	3.21	3.69	3.29	5.51	3.68	3.66	4.19	4.30	3.65	3.69	4.27	3.86	5.79	4.77	4.62	5.07	4.63	5.03	6.43	5.65	5.56	5.80	4.64	5.79	6.38	5.60	4.98	5.33	5.65	6.05	4.67	4.72	5.43	6.05	3.49	5.93	4.27	5.02	6.02	5.31	5.66	4.15	4.95	4.07	5.08	3.93	4.48	1.38	1.50	1.70	2.12	2.28	2.57	2.91	2.91	3.52	3.40	2.06	2.04	3.05	3.34	1.68	3.82	2.28	2.60	3.18	3.16	3.14	4.11	5.68	3.78	2.38	3.74	2.73	3.08	5.43	3.45	1.76	3.60	4.15	1.59	1.97	2.76	6.10	1.72	1.88	3.21	2.86	3.82	5.57
2.75	0.00	2.18	3.23	3.03	3.30	3.40	2.56	2.12	2.41	2.25	1.64	2.99	2.46	4.05	2.40	2.08	2.62	2.89	2.08	2.41	2.78	2.40	4.22	3.29	3.17	4.49	3.06	3.46	4.86	4.08	4.98	5.22	3.71	5.21	5.10	5.02	3.50	3.84	4.16	4.56	3.18	3.15	3.95	4.48	1.92	4.36	2.70	3.45	4.56	3.85	4.09	2.69	3.49	2.60	3.62	3.10	3.65	2.38	2.50	1.25	1.29	1.45	1.74	2.08	2.08	1.95	1.82	1.66	1.37	0.72	1.77	2.52	2.25	2.02	1.03	1.61	1.78	1.43	2.54	4.19	2.21	3.22	2.21	3.56	3.48	3.86	3.05	2.59	4.44	4.93	2.43	2.81	3.60	4.83	2.56	1.44	1.95	2.71	2.99	4.29
4.41	1.66	0.00	4.82	3.57	1.13	1.23	2.89	2.45	2.84	2.67	3.30	3.53	1.87	4.09	2.26	2.62	3.16	3.43	2.62	2.27	3.32	2.44	4.73	3.83	3.21	5.03	3.72	4.06	5.10	4.51	5.52	5.75	4.25	5.74	5.49	5.56	4.04	4.38	4.70	5.10	3.72	3.82	4.48	4.90	2.58	4.89	3.37	4.12	4.60	3.89	4.47	2.73	3.53	2.64	3.66	0.94	1.49	3.41	3.54	2.91	1.62	1.78	2.07	2.41	2.41	2.70	2.31	3.32	3.02	2.38	3.08	4.18	2.79	3.68	2.68	3.26	3.44	3.09	3.08	4.73	2.75	4.88	3.68	5.08	4.95	4.40	4.63	4.25	6.09	6.40	4.09	4.47	5.11	4.85	4.22	3.10	3.61	4.37	0.81	4.32
4.76	4.54	4.07	0.00	2.77	5.04	5.14	4.30	3.86	3.56	3.40	2.74	2.81	4.02	5.21	3.56	3.28	2.49	2.76	3.27	3.56	2.57	3.56	5.31	3.08	4.32	4.20	4.06	4.58	5.96	5.20	4.69	4.92	3.58	4.91	4.89	4.72	3.29	3.63	3.95	4.35	2.97	4.08	3.73	5.51	3.14	5.48	3.70	4.45	5.72	5.00	5.18	3.84	4.65	3.76	4.77	4.84	5.39	4.26	4.38	4.15	4.33	3.83	3.70	3.89	3.27	3.10	2.98	3.67	3.90	3.30	2.92	3.41	2.12	3.29	3.60	2.83	2.85	2.52	2.41	3.98	3.29	3.56	1.63	3.02	2.90	4.98	2.58	4.03	4.04	4.35	3.78	3.07	3.06	5.98	3.33	4.34	2.90	2.55	4.88	5.45
3.91	3.78	3.31	1.92	0.00	4.28	4.39	3.54	3.11	2.81	2.64	1.99	0.04	3.27	4.34	2.80	2.52	1.54	0.65	2.52	2.81	1.82	2.80	3.68	2.32	3.56	1.66	2.86	3.38	3.95	3.68	2.15	2.39	1.23	2.38	2.97	2.19	2.20	2.55	2.45	2.85	2.22	2.88	2.53	3.50	2.38	3.60	2.94	3.25	4.96	3.98	3.55	3.09	3.89	3.00	3.87	4.09	4.64	3.41	3.53	3.31	3.58	3.08	2.95	3.13	2.52	2.35	2.22	2.82	3.05	2.54	2.17	2.56	1.37	2.45	2.76	2.07	2.00	1.77	1.65	2.35	2.54	2.72	0.78	2.18	2.05	3.46	1.73	3.18	3.19	3.50	2.93	2.22	2.21	5.22	2.49	3.49	2.05	1.70	4.13	4.69
4.31	2.12	2.50	3.65	2.40	0.00	0.06	2.40	1.97	1.67	1.50	2.37	2.36	0.70	2.92	1.09	1.45	1.98	2.26	1.45	1.10	2.15	1.27	3.56	2.66	2.03	3.86	2.55	2.89	3.93	3.34	4.34	4.58	3.07	4.57	4.32	4.38	2.87	3.21	3.53	3.93	2.55	2.64	3.31	3.73	1.41	3.72	2.19	2.95	3.43	2.72	3.30	1.56	2.36	1.47	2.49	0.86	0.32	3.74	3.87	2.72	2.09	2.25	2.13	1.99	1.70	1.53	1.14	3.22	2.93	2.28	1.91	4.06	1.62	3.55	2.61	2.45	2.98	2.63	1.90	3.56	1.58	4.44	2.51	3.91	3.78	3.23	3.46	4.16	4.92	5.23	3.99	3.95	3.94	3.68	3.98	2.91	3.15	3.43	1.28	3.15
4.25	2.06	2.44	3.58	2.34	0.99	0.00	2.34	1.90	1.60	1.44	2.31	2.30	0.63	2.86	1.03	1.39	1.92	2.19	1.38	1.03	2.08	1.21	3.49	2.59	1.97	3.80	2.49	2.83	3.86	3.27	4.28	4.52	3.01	4.51	4.25	4.32	2.80	3.15	3.47	3.87	2.48	2.58	3.25	3.67	1.35	3.66	2.13	2.88	3.37	2.66	3.24	1.50	2.30	1.41	2.42	0.79	0.25	3.87	4.00	2.66	2.03	2.19	2.07	1.93	1.64	1.47	1.07	3.16	2.87	2.22	1.84	3.99	1.55	3.49	2.55	2.39	2.91	2.57	1.84	3.49	1.52	4.38	2.45	3.84	3.72	3.16	3.40	4.09	4.86	5.17	3.93	3.89	3.88	3.62	3.92	2.84	3.09	3.37	1.22	3.08
4.69	1.94	2.80	4.43	3.18	0.74	0.84	0.00	2.74	2.45	2.28	3.15	3.14	1.48	3.70	1.87	2.23	2.77	3.03	2.23	1.88	2.93	2.05	4.34	3.44	2.81	4.64	3.33	3.67	4.71	4.12	5.12	5.36	3.85	5.35	5.10	5.16	3.64	3.99	4.31	4.71	3.33	3.42	4.09	4.51	2.19	4.50	2.97	3.73	4.21	3.50	4.08	2.34	3.14	2.25	3.27	0.54	1.09	3.86	3.98	3.19	1.91	2.06	2.36	2.69	2.48	2.31	1.92	3.60	3.31	2.66	2.69	4.46	2.40	3.96	2.97	3.23	3.72	3.37	2.68	4.34	2.36	5.16	3.29	4.69	4.56	4.00	4.24	4.54	5.70	6.01	4.37	4.73	4.72	4.46	4.50	3.38	3.90	4.21	1.09	3.93
4.39	1.64	0.80	4.86	3.61	1.17	1.28	0.44	0.00	2.88	2.72	3.28	3.58	1.91	4.14	2.31	2.66	3.20	3.47	2.66	2.31	3.36	2.49	4.77	3.87	3.25	5.07	3.77	4.11	5.14	4.55	5.56	5.80	4.29	5.79	5.53	5.60	4.08	4.42	4.74	5.14	3.76	3.86	4.53	4.95	2.63	4.94	3.41	4.16	4.65	3.93	4.51	2.77	3.58	2.69	3.70	0.98	1.53	4.01	4.13	2.89	1.60	1.76	2.05	2.39	2.39	2.75	2.35	3.29	3.00	2.36	3.12	4.16	2.83	3.66	2.66	3.24	3.41	3.07	3.12	4.77	2.79	4.85	3.73	5.12	4.99	4.44	4.68	4.23	6.07	6.45	4.07	4.44	5.16	4.89	4.20	3.08	3.59	4.35	1.53	4.36
4.32	1.93	1.09	3.66	2.41	1.47	1.58	0.73	0.30	0.00	1.51	2.38	2.37	0.70	2.93	1.10	1.46	1.99	2.26	1.45	1.10	2.16	1.28	3.56	2.66	2.04	3.87	2.56	2.90	3.93	3.34	4.35	4.59	3.08	4.58	4.32	4.39	2.87	3.22	3.53	3.94	2.56	2.65	3.32	3.74	1.42	3.73	2.20	2.95	3.44	2.73	3.31	1.57	2.37	1.48	2.49	1.28	1.83	3.94	4.07	2.73	1.90	2.06	2.14	0.32	1.71	1.54	1.14	3.23	2.94	2.29	1.92	4.06	1.62	3.56	2.62	2.46	2.98	2.64	1.91	3.56	1.58	4.45	2.52	3.92	3.78	3.23	3.47	4.16	4.93	5.24	4.00	3.96	3.95	3.52	3.99	2.92	3.16	3.44	1.83	2.98
4.48	2.10	1.26	3.82	2.57	1.64	1.74	0.90	0.46	0.16	0.00	2.54	2.53	0.87	3.09	1.26	1.62	2.16	2.43	1.62	1.27	2.32	1.44	3.73	2.83	2.21	4.03	2.72	3.06	4.10	3.51	4.52	4.75	3.24	4.74	4.49	4.56	3.04	3.38	3.70	4.10	2.72	2.82	3.48	3.90	1.58	3.89	2.37	3.12	3.60	2.89	3.47	1.73	2.53	1.64	2.66	1.44	1.99	4.11	4.23	2.89	2.06	2.22	1.01	0.49	1.88	1.70	1.31	3.39	3.10	2.46	2.08	4.23	1.79	3.72	2.78	2.62	3.15	2.80	2.08	3.73	1.75	4.62	2.68	4.08	3.95	3.40	3.63	4.33	5.09	5.40	4.16	4.12	4.12	3.68	4.15	3.08	3.32	3.60	1.99	3.15
3.18	2.39	1.92	3.53	2.28	2.38	2.49	1.65	1.21	0.91	0.75	0.00	2.24	1.44	2.62	0.97	1.33	1.86	2.13	1.32	0.98	2.03	0.97	3.26	2.53	1.73	3.74	2.43	2.59	3.63	3.03	4.22	4.42	2.95	4.36	4.02	4.26	2.74	3.09	3.41	3.81	2.43	2.52	3.19	3.43	1.29	3.42	2.07	2.68	3.13	2.42	3.00	1.26	2.06	1.17	2.19	2.19	2.74	2.80	2.93	2.14	2.18	1.68	1.55	1.24	1.12	0.95	0.56	2.09	1.80	1.15	0.78	2.95	1.49	2.45	1.57	2.15	2.32	1.98	1.78	3.44	1.46	3.65	2.39	3.79	3.66	2.92	3.34	3.02	4.80	5.11	2.86	3.24	3.82	3.40	2.99	2.33	2.50	3.14	2.73	2.86
3.87	3.74	3.28	1.88	0.04	4.24	4.35	3.51	3.07	2.77	2.61	1.95	0.00	3.23	4.38	2.76	2.48	1.58	0.62	2.48	2.77	1.78	2.76	3.72	2.28	3.52	1.70	2.89	3.42	3.99	3.72	2.19	2.43	1.27	2.42	3.00	2.23	2.24	2.58	2.48	2.89	2.18	2.92	2.57	3.54	2.34	3.64	2.90	3.29	4.92	4.02	3.58	3.05	3.85	2.97	3.90	4.05	4.60	3.37	3.50	3.27	3.54	3.04	2.91	3.09	2.48	2.31	2.19	2.78	3.01	2.51	2.13	2.52	1.33	2.41	2.72	2.03	1.96	1.73	1.62	2.39	2.50	2.68	0.74	2.14	2.01	3.50	1.69	3.15	3.16	3.46	2.90	2.19	2.17	5.19	2.45	3.46	2.01	1.66	4.09	4.66
3.62	2.27	1.80	2.95	1.70	2.44	2.55	1.70	1.27	0.97	0.80	1.68	1.66	0.00	2.23	0.39	0.75	1.29	1.56	0.75	0.40	1.45	0.57	2.86	1.96	1.34	3.16	1.85	2.19	3.23	2.64	3.65	3.89	2.38	3.88	3.62	3.69	2.17	2.51	2.83	3.23	1.85	1.95	2.62	3.03	0.72	3.02	1.50	2.25	2.73	2.02	2.60	0.86	1.66	0.78	1.79	2.25	2.46	3.24	3.36	2.02	2.06	1.56	1.43	1.29	1.01	0.84	0.44	2.52	2.23	1.59	1.21	3.36	0.92	2.85	1.91	1.76	2.28	1.93	1.21	2.86	0.88	3.75	1.82	3.21	3.08	2.53	2.77	3.46	4.23	4.54	3.29	3.26	3.25	3.00	3.28	2.21	2.46	2.73	2.61	2.47
5.97	4.61	4.14	5.35	4.10	4.78	4.88	4.04	3.60	3.31	3.14	4.08	4.06	3.10	0.00	2.80	3.15	3.69	3.96	3.15	2.80	3.85	2.64	1.98	3.95	2.76	4.04	3.59	2.45	1.25	1.89	3.42	3.28	4.11	3.22	1.64	3.28	4.29	3.22	3.54	2.69	3.91	3.56	3.26	2.27	3.12	2.27	3.15	2.42	0.87	2.16	1.73	1.91	1.11	2.84	2.05	4.58	4.52	5.60	5.72	4.36	4.40	3.90	3.77	3.63	3.34	3.17	2.77	4.88	4.59	3.95	3.61	5.74	3.32	5.25	4.25	4.16	4.68	4.33	3.61	3.57	3.28	6.15	4.21	5.61	5.48	1.78	5.17	5.82	6.63	6.94	5.65	5.66	5.65	2.91	5.68	4.55	4.86	5.14	4.95	2.38
4.31	3.54	3.07	2.56	1.31	3.66	3.77	2.93	2.49	2.19	2.03	1.28	1.27	1.87	3.12	0.00	0.36	0.89	1.16	0.36	0.01	1.06	1.40	2.62	1.56	2.19	2.77	1.46	1.86	3.26	2.48	3.25	3.49	1.98	3.48	3.38	3.29	1.77	2.12	2.44	2.84	1.46	1.55	2.22	2.88	0.32	2.76	1.10	1.86	3.63	2.92	2.49	1.76	2.56	1.60	2.69	3.47	3.29	3.81	3.94	3.29	3.34	2.83	2.70	2.52	2.28	2.11	1.71	3.22	3.06	2.43	2.06	2.97	0.52	2.46	2.77	1.36	1.88	1.54	0.81	2.47	0.49	3.35	1.42	2.82	2.69	2.27	2.37	3.72	3.83	4.14	3.47	2.86	2.85	3.90	2.89	3.48	2.06	2.34	3.88	3.36
4.19	4.06	3.59	2.20	0.95	4.44	4.54	3.70	3.26	2.97	2.80	2.22	0.91	2.59	3.84	2.11	0.00	0.54	0.80	1.40	2.12	0.70	2.12	3.44	1.20	2.92	2.41	2.18	2.71	4.09	3.33	2.90	3.13	1.62	3.12	3.02	2.93	1.42	1.76	2.08	2.48	1.10	2.21	1.86	3.64	2.43	3.61	1.82	2.58	4.36	3.64	3.31	2.48	3.28	2.33	3.41	4.24	4.01	3.69	3.82	3.59	3.86	3.36	3.23	3.29	2.80	2.63	2.43	3.10	3.33	2.82	2.45	2.84	0.16	2.73	3.04	2.30	2.28	2.05	1.75	2.11	1.42	2.99	1.06	2.46	2.33	3.11	2.01	3.46	3.47	3.78	3.21	2.50	2.49	4.62	2.77	3.77	2.33	1.98	4.41	4.09
4.97	4.85	4.38	2.27	1.59	5.34	5.45	4.61	4.17	3.87	3.71	3.05	1.63	3.57	4.55	3.09	2.39	0.00	0.27	2.38	3.10	1.68	3.10	3.89	2.31	3.80	1.87	3.06	3.59	4.16	3.89	2.36	2.60	1.09	2.59	3.17	2.40	2.41	2.76	2.66	3.06	2.08	3.09	2.74	3.71	3.41	3.81	2.81	3.46	5.34	4.19	3.76	3.46	4.27	3.31	4.08	5.15	4.99	4.47	4.60	4.37	4.64	4.14	4.01	4.20	3.58	3.41	3.29	3.88	4.11	3.61	3.23	3.63	2.43	3.51	3.82	3.13	3.06	2.83	2.72	2.56	2.40	3.78	1.84	3.24	2.92	3.67	2.21	4.25	4.26	4.56	4.00	3.29	3.28	5.60	3.55	4.56	3.11	2.77	5.19	5.07
5.06	4.93	4.46	2.00	1.32	5.42	5.53	4.69	4.25	3.95	3.79	3.13	1.36	3.65	4.28	3.17	2.47	1.48	0.00	2.47	3.18	1.76	3.19	3.62	2.39	3.53	1.60	2.80	3.32	3.89	3.62	2.09	2.33	1.17	2.32	2.91	2.13	2.14	2.49	2.39	2.79	2.16	2.83	2.47	3.44	3.49	3.54	2.89	3.19	5.16	3.92	3.49	3.54	4.35	3.39	3.81	5.23	5.07	4.55	4.68	4.45	4.72	4.22	4.09	4.28	3.66	3.49	3.37	3.96	4.19	3.69	3.31	3.71	2.51	3.59	3.90	3.21	3.15	2.91	2.80	2.29	2.48	3.86	1.92	3.32	2.65	3.40	1.93	4.33	4.34	4.64	4.08	3.37	3.36	5.68	3.63	4.64	3.19	2.84	5.27	5.15
4.19	4.07	3.60	2.20	0.95	4.44	4.54	3.70	3.27	2.97	2.80	2.22	0.91	2.59	3.85	2.11	0.00	0.54	0.81	0.00	2.12	0.70	2.13	3.44	1.21	2.92	2.41	2.19	2.71	4.09	3.33	2.90	3.14	1.63	3.12	3.02	2.94	1.42	1.76	2.08	2.48	1.10	2.22	1.86	3.64	2.43	3.61	1.83	2.58	4.36	3.64	3.31	2.48	3.29	2.33	3.42	4.25	4.01	3.69	3.82	3.59	3.86	3.36	3.23	3.29	2.80	2.63	2.44	3.10	3.33	2.83	2.45	2.85	0.17	2.73	3.04	2.30	2.28	2.05	1.75	2.11	1.43	3.00	1.06	2.46	2.33	3.12	2.02	3.47	3.48	3.78	3.22	2.51	2.50	4.62	2.77	3.78	2.33	1.98	4.41	4.09
4.31	3.53	3.07	2.55	1.30	3.66	3.76	2.92	2.48	2.19	2.02	1.27	1.26	1.86	3.12	1.38	0.35	0.89	1.16	0.35	0.00	1.05	1.39	2.62	1.56	2.19	2.76	1.45	1.85	3.26	2.48	3.25	3.48	1.98	3.47	3.37	3.28	1.77	2.11	2.43	2.83	1.45	1.55	2.21	2.87	0.31	2.75	1.09	1.85	3.62	2.91	2.48	1.75	2.56	1.60	2.68	3.46	3.28	3.81	3.93	3.29	3.33	2.83	2.70	2.51	2.27	2.10	1.70	3.22	3.06	2.42	2.05	2.96	0.52	2.45	2.76	1.36	1.88	1.53	0.80	2.46	0.48	3.35	1.41	2.81	2.68	2.26	2.36	3.72	3.83	4.13	3.47	2.86	2.84	3.89	2.88	3.48	2.05	2.33	3.88	3.36
4.51	3.57	3.10	2.91	1.66	3.74	3.84	3.00	2.56	2.27	2.10	1.52	1.62	1.89	3.15	1.41	0.71	1.24	1.51	0.70	1.42	0.00	1.43	2.77	1.91	2.26	3.12	1.61	2.01	3.41	2.63	3.60	3.84	2.33	3.83	3.73	3.64	2.12	2.47	2.79	3.19	0.40	1.70	2.57	3.03	1.73	2.91	1.13	2.00	3.66	2.94	2.64	1.78	2.59	1.63	2.71	3.54	3.31	4.05	4.17	3.32	3.36	2.86	2.73	2.59	2.30	2.13	1.73	3.42	3.12	2.48	2.10	3.20	0.87	2.69	2.90	1.60	2.12	1.77	1.05	2.82	0.72	3.70	1.77	3.17	3.04	2.41	2.72	3.96	4.18	4.49	3.71	3.21	3.20	3.92	3.12	3.51	2.30	2.69	3.91	3.39
4.08	2.74	2.27	3.42	2.17	2.62	2.73	2.17	1.73	1.44	1.27	2.14	2.13	0.47	2.69	0.86	1.22	1.75	2.02	1.22	0.87	1.92	0.00	3.33	2.42	1.80	3.63	2.32	2.66	3.70	3.10	4.12	4.35	2.84	4.34	4.09	4.15	2.63	2.98	3.30	3.70	2.32	2.42	3.08	3.50	1.18	3.49	1.96	2.72	3.20	2.49	3.07	1.33	2.13	0.20	2.26	2.43	1.89	3.70	3.83	2.49	2.53	2.03	1.90	1.76	1.47	1.30	0.90	2.99	2.70	2.05	1.68	3.83	1.38	3.32	2.38	2.22	2.74	2.40	1.67	3.33	1.35	4.21	2.28	3.68	3.55	2.99	3.23	3.92	4.69	5.00	3.76	3.72	3.71	3.21	3.75	2.68	2.92	3.20	2.85	2.68
4.66	3.29	2.83	4.04	2.79	3.47	3.57	2.73	2.29	1.99	1.83	2.76	2.75	1.79	1.51	1.48	1.84	2.38	2.64	1.84	1.49	2.54	1.32	0.00	2.66	1.47	3.38	2.30	1.63	2.51	1.92	4.26	3.31	3.27	3.24	2.90	4.30	3.00	2.40	2.72	2.72	2.62	2.27	2.44	2.32	1.80	2.31	1.97	1.56	2.02	1.29	1.88	0.60	0.95	1.52	1.23	3.27	3.21	4.29	4.41	3.05	3.09	2.58	2.46	2.32	2.03	1.86	1.46	3.57	3.28	2.63	2.30	4.43	2.00	3.93	2.94	2.84	3.37	3.02	2.29	2.75	1.97	4.84	2.90	4.30	4.17	1.81	3.85	4.50	5.31	5.62	4.34	4.34	4.33	2.28	4.37	3.23	3.54	3.82	3.64	1.75
4.50	4.37	3.91	2.51	1.26	4.87	4.98	4.13	3.70	3.40	3.23	2.58	1.22	3.22	4.48	2.74	2.04	0.93	1.20	2.03	2.75	1.33	2.76	4.06	0.00	3.59	2.04	2.94	3.34	4.33	3.96	2.53	2.77	0.62	2.76	3.34	2.57	2.17	2.51	2.83	3.23	1.73	2.97	2.61	3.88	2.97	3.98	2.46	3.33	4.99	4.27	3.93	3.11	3.92	2.96	4.04	4.68	4.64	4.00	4.12	3.90	4.17	3.66	3.54	3.72	3.11	2.94	2.81	3.41	3.64	3.13	2.76	3.15	1.96	3.04	3.35	2.66	2.59	2.36	2.24	2.73	2.05	3.31	1.37	2.77	2.64	3.74	2.32	3.77	3.78	4.09	3.52	2.81	2.80	5.25	3.08	4.08	2.64	2.29	4.72	4.72
5.30	4.16	3.69	3.66	2.41	4.34	4.44	3.60	3.16	2.86	2.70	2.27	2.37	2.66	3.03	2.24	1.46	1.99	2.26	1.45	2.25	2.16	2.19	2.00	1.19	0.00	2.98	0.83	1.23	2.64	1.86	3.72	3.24	1.80	3.18	3.13	3.76	1.53	1.87	2.19	2.59	1.15	0.80	1.98	2.25	2.56	2.13	1.96	1.23	3.54	2.29	1.86	1.67	2.48	2.40	2.18	4.14	4.08	4.80	4.92	3.92	3.96	3.46	3.33	3.19	2.90	2.73	2.33	4.21	3.96	3.31	2.94	3.95	1.62	3.44	3.73	2.35	2.87	2.52	1.80	2.22	1.47	4.45	2.52	3.92	3.79	1.64	3.47	4.71	4.93	5.24	4.46	3.96	3.95	3.81	3.88	4.11	3.05	3.44	4.51	3.28
5.70	4.52	4.05	3.96	2.71	4.69	4.80	3.96	3.52	3.22	3.06	2.69	2.67	3.02	3.39	2.60	1.88	2.38	2.65	1.88	2.61	2.58	2.55	2.48	1.73	1.92	0.00	1.19	1.72	3.12	2.34	3.26	2.31	2.07	2.25	2.14	3.30	0.54	0.88	1.20	1.60	1.58	1.22	0.87	2.73	2.92	2.62	2.32	1.59	3.90	2.78	2.34	2.03	2.83	2.75	2.66	4.50	4.44	5.22	5.35	4.28	4.32	3.81	3.68	3.54	3.26	3.09	2.69	4.61	4.31	3.67	3.29	4.38	2.05	3.87	4.09	2.77	3.30	2.95	2.23	1.23	1.90	4.76	2.82	4.22	4.09	2.12	3.77	5.14	5.24	5.54	4.89	4.26	4.25	4.17	4.30	4.46	3.47	3.74	4.86	3.63
4.51	3.33	2.86	3.97	2.72	3.50	3.61	2.76	2.33	2.03	1.86	2.69	2.68	1.83	2.20	1.41	1.77	2.30	2.57	1.76	1.42	2.47	1.36	2.73	1.92	0.73	3.72	0.00	1.97	3.21	2.59	4.45	3.98	2.54	3.92	3.60	4.49	2.26	2.61	2.93	3.33	1.88	1.53	2.71	2.99	1.73	2.87	1.12	0.40	2.71	2.00	2.58	0.84	1.64	1.56	1.77	3.31	3.25	4.13	4.25	3.08	3.12	2.62	2.49	2.35	2.07	1.90	1.50	3.42	3.12	2.48	2.10	4.28	1.93	3.78	2.90	2.77	3.29	2.95	2.22	2.96	1.90	4.76	2.83	4.22	4.09	2.37	3.78	4.35	5.24	5.55	4.18	4.27	4.26	2.98	4.30	3.27	3.47	3.75	3.67	2.44
5.67	4.59	4.13	3.72	2.47	4.77	4.87	4.03	3.59	3.29	3.13	2.63	2.43	3.09	3.47	2.66	1.82	2.14	2.41	1.82	2.67	2.52	2.62	2.45	1.67	2.00	1.75	1.27	0.00	3.10	2.41	3.06	2.19	1.82	2.13	2.03	3.10	2.01	0.77	1.09	1.49	1.52	1.16	0.81	2.65	2.98	2.69	2.38	1.66	3.98	2.75	2.31	2.10	2.91	2.83	2.63	4.57	4.51	5.17	5.29	4.35	4.39	3.89	3.76	3.62	3.33	3.16	2.76	4.58	4.38	3.73	3.36	4.32	1.99	3.81	4.12	2.72	3.24	2.89	2.17	1.12	1.84	4.51	2.58	3.98	3.84	2.19	3.53	4.98	4.99	5.30	4.73	4.02	4.01	4.24	4.24	4.54	3.41	3.50	4.94	3.71
5.17	3.80	3.33	4.54	3.29	3.97	4.08	3.23	2.80	2.50	2.34	3.27	3.26	2.30	0.39	1.99	2.35	2.88	3.15	2.34	2.00	3.04	1.83	2.17	3.17	1.98	3.89	2.81	2.14	0.00	1.95	3.82	3.34	3.78	3.28	2.04	3.67	3.51	2.91	3.23	2.75	3.13	2.77	2.95	2.35	2.31	2.34	2.48	2.06	1.27	1.80	1.92	1.10	0.80	2.03	1.74	3.78	3.72	4.79	4.92	3.55	3.59	3.09	2.96	2.82	2.54	2.37	1.97	4.08	3.78	3.14	2.81	4.94	2.51	4.44	3.44	3.35	3.87	3.53	2.80	3.26	2.48	5.34	3.41	4.81	4.67	1.84	4.36	5.01	5.82	6.13	4.85	4.85	4.84	2.00	4.88	3.74	4.05	4.33	4.14	1.46
6.11	4.97	4.51	4.11	2.86	5.15	5.25	4.41	3.97	3.67	3.51	3.26	2.83	3.47	2.80	3.16	2.46	2.53	2.81	2.45	3.17	2.94	3.01	1.68	2.30	2.58	2.15	1.90	2.27	2.41	0.00	2.34	1.39	2.22	1.32	1.34	2.38	2.64	1.51	1.83	0.80	2.15	1.79	1.44	0.40	3.48	1.96	2.97	2.24	3.67	1.98	1.55	2.28	2.63	3.21	1.86	4.95	4.89	5.61	5.73	4.73	4.77	4.27	4.14	4.00	3.71	3.54	3.14	5.01	4.96	4.31	3.95	4.76	2.62	4.44	4.62	3.34	3.87	3.52	2.80	1.86	2.47	4.91	2.98	4.37	4.24	1.46	3.93	5.38	5.39	5.70	5.13	4.42	4.41	3.96	4.68	4.92	4.04	3.90	5.32	3.43
5.78	5.60	5.13	3.79	2.54	5.77	5.88	5.03	4.60	4.30	4.13	3.86	2.50	4.09	2.19	3.79	3.32	2.21	2.48	3.31	3.79	2.61	3.63	2.63	3.24	3.43	1.82	2.85	3.12	1.80	2.56	0.00	0.24	1.90	1.00	0.82	2.06	2.36	2.47	1.93	1.83	3.01	2.74	2.39	1.35	4.11	1.45	3.74	3.09	3.06	2.83	2.40	2.90	2.60	3.83	2.72	5.58	5.51	5.28	5.41	5.18	5.39	4.89	4.76	4.62	4.34	4.16	3.77	4.69	4.92	4.41	4.04	4.43	3.24	4.32	4.63	3.94	3.87	3.64	3.52	1.84	3.33	4.58	2.65	4.05	3.92	2.42	3.60	5.05	5.06	5.37	4.80	4.09	4.08	3.79	4.36	5.36	3.92	3.57	5.94	3.26
6.73	5.36	4.89	4.91	3.66	5.53	5.64	4.79	4.36	4.06	3.90	3.98	3.62	3.86	1.95	3.55	3.17	3.33	3.60	3.17	3.56	3.73	3.39	2.40	3.02	3.19	2.94	2.61	2.88	1.56	2.32	2.36	0.00	3.01	2.12	0.58	2.21	3.36	2.23	2.55	1.59	2.86	2.51	2.16	1.11	3.87	1.21	3.58	2.86	2.83	2.59	2.16	2.66	2.36	3.59	2.48	5.34	5.28	6.35	6.48	5.11	5.16	4.65	4.52	4.38	4.10	3.92	3.53	5.64	5.34	4.70	4.36	5.55	3.34	5.16	5.00	4.06	4.58	4.24	3.51	2.58	3.19	5.70	3.77	5.17	5.04	2.18	4.72	6.17	6.18	6.49	5.92	5.21	5.20	3.56	5.47	5.30	4.76	4.69	5.70	3.02
3.89	3.76	3.29	1.89	0.64	4.26	4.36	3.52	3.08	2.78	2.62	1.96	0.60	3.24	4.43	2.77	2.50	0.32	0.59	2.49	2.78	1.79	2.78	4.21	2.30	3.54	2.19	3.27	3.80	4.47	4.20	2.67	2.91	0.00	2.90	3.49	2.71	2.51	2.85	2.97	3.37	2.19	3.31	2.95	4.03	2.36	4.12	2.92	3.67	4.94	4.22	4.07	3.06	3.87	2.98	3.99	4.06	4.61	3.38	3.51	3.28	3.55	3.05	2.92	3.11	2.49	2.32	2.20	2.80	3.02	2.52	2.14	2.54	1.34	2.42	2.73	2.04	1.98	1.75	1.63	2.88	2.51	2.69	0.76	2.15	2.02	3.99	1.71	3.16	3.17	3.48	2.91	2.20	2.19	5.20	2.46	3.47	2.02	1.68	4.10	4.67
4.78	4.65	4.18	2.79	1.54	5.15	5.26	4.41	3.98	3.68	3.52	2.86	1.50	3.50	3.34	3.02	2.32	1.21	1.48	2.31	3.03	1.61	3.03	2.17	2.24	2.75	0.82	2.01	2.54	2.94	2.16	2.25	2.04	0.90	0.00	1.87	2.29	1.36	1.70	0.93	1.33	2.01	2.04	1.69	2.49	3.25	2.44	2.74	2.41	4.18	2.46	2.03	2.76	3.11	3.24	2.35	4.96	4.92	4.28	4.41	4.18	4.45	3.94	3.82	4.00	3.39	3.22	3.09	3.69	3.92	3.41	3.04	3.43	2.24	3.32	3.63	2.94	2.87	2.64	2.52	0.84	2.33	3.58	1.65	3.05	2.92	1.95	2.60	4.05	4.06	4.37	3.80	3.09	3.08	4.45	3.36	4.36	2.92	2.57	5.00	3.92
6.60	6.47	6.01	4.61	3.36	6.97	7.08	6.24	5.80	5.50	5.34	4.68	3.32	5.31	3.79	4.84	4.14	3.03	3.30	4.14	4.85	3.43	4.84	3.99	4.06	4.57	2.64	3.84	4.36	3.39	3.98	1.78	2.02	2.72	1.82	0.00	1.63	3.18	3.53	2.75	3.16	3.83	3.87	3.51	2.86	5.07	3.04	4.56	4.23	3.73	4.29	3.85	4.11	3.31	5.04	4.17	6.78	6.73	6.10	6.23	6.00	6.27	5.77	5.64	5.83	5.21	5.04	4.92	5.51	5.74	5.24	4.86	5.25	4.06	5.14	5.45	4.76	4.69	4.46	4.34	2.66	4.16	5.41	3.47	4.87	4.74	3.77	4.42	5.88	5.89	6.19	5.62	4.92	4.91	5.11	5.18	6.19	4.74	4.39	6.82	4.58
4.97	4.84	4.37	2.98	1.73	5.34	5.44	4.60	4.17	3.87	3.70	3.05	1.69	3.69	3.52	3.21	2.51	1.40	1.67	2.50	3.22	1.80	3.22	2.36	2.42	2.94	1.01	2.20	2.73	3.13	2.35	1.33	1.57	1.08	0.19	2.06	0.00	1.55	1.89	1.12	1.52	2.20	2.23	1.88	2.68	3.44	2.63	2.92	2.60	4.37	2.65	2.22	2.95	3.30	3.42	2.54	5.14	5.11	4.47	4.59	4.36	4.64	4.13	4.00	4.19	3.58	3.41	3.28	3.88	4.11	3.60	3.23	3.62	2.42	3.51	3.82	3.13	3.06	2.83	2.71	1.02	2.52	3.77	1.84	3.24	3.11	2.13	2.79	4.24	4.25	4.56	3.99	3.28	3.27	4.64	3.54	4.55	3.11	2.76	5.19	4.10
5.41	5.29	4.82	3.42	2.17	5.49	5.59	4.75	4.32	4.02	3.85	3.49	2.13	3.82	3.07	3.51	2.90	1.84	2.11	2.90	3.51	2.24	3.35	2.02	2.74	2.92	1.45	2.34	2.61	2.67	2.02	2.72	1.77	1.53	1.71	1.60	2.76	0.00	0.34	0.66	1.06	2.59	2.24	1.88	2.23	3.83	2.30	3.31	2.59	3.94	2.32	1.89	2.62	2.97	3.55	2.21	5.29	5.24	4.91	5.04	4.81	5.08	4.58	4.45	4.34	4.02	3.85	3.49	4.32	4.55	4.04	3.67	4.07	2.87	3.95	4.26	3.57	3.50	3.27	3.16	0.69	2.92	4.22	2.28	3.68	3.55	1.80	3.23	4.69	4.69	5.00	4.44	3.73	3.72	4.31	3.99	5.00	3.55	3.20	5.63	3.77
6.14	4.97	4.51	4.15	2.90	5.15	5.25	4.41	3.97	3.67	3.51	3.37	2.86	3.47	2.72	3.16	2.56	2.57	2.84	2.55	3.17	2.97	3.01	1.68	2.40	2.58	2.19	2.00	2.27	2.33	1.68	2.38	1.43	2.26	1.36	1.26	2.42	2.73	0.00	0.32	0.72	2.25	1.89	1.54	1.88	3.48	1.96	2.97	2.24	3.60	1.98	1.55	2.28	2.63	3.21	1.86	4.95	4.89	5.64	5.77	4.73	4.77	4.27	4.14	4.00	3.71	3.54	3.14	5.05	4.96	4.31	3.95	4.80	2.72	4.54	4.62	3.45	3.97	3.62	2.90	0.35	2.57	4.95	3.02	4.41	4.28	1.46	3.97	5.42	5.43	5.74	5.17	4.46	4.45	3.96	4.72	4.92	4.14	3.94	5.32	3.43
5.83	5.70	5.23	3.83	2.58	5.98	6.09	5.24	4.81	4.51	4.34	3.90	2.54	4.31	2.40	4.00	3.36	2.25	2.52	3.36	4.00	2.65	3.84	2.85	3.28	3.64	1.86	3.06	3.33	2.01	2.77	2.06	1.11	1.94	1.04	0.94	2.10	2.41	2.68	0.00	0.40	3.05	2.96	2.60	1.56	4.29	1.66	3.78	3.31	3.28	3.04	2.61	3.11	2.81	4.04	2.93	5.79	5.73	5.32	5.45	5.22	5.49	4.99	4.86	4.83	4.43	4.26	3.98	4.73	4.96	4.46	4.08	4.48	3.28	4.36	4.67	3.98	3.92	3.68	3.57	1.88	3.38	4.63	2.69	4.09	3.96	2.63	3.64	5.10	5.11	5.42	4.85	4.14	4.13	4.00	4.40	5.41	3.96	3.62	6.04	3.47
6.78	5.41	4.94	4.96	3.70	5.58	5.69	4.84	4.41	4.11	3.94	4.03	3.67	3.91	2.00	3.60	3.22	3.38	3.65	3.22	3.60	3.78	3.44	2.44	3.06	3.24	2.99	2.66	2.93	1.61	2.37	2.31	2.23	3.06	2.17	0.54	2.17	3.40	2.27	2.59	0.00	2.91	2.56	2.20	1.16	3.92	1.26	3.63	2.91	2.88	2.64	2.21	2.71	2.41	3.64	2.53	5.39	5.33	6.40	6.53	5.16	5.20	4.70	4.57	4.43	4.14	3.97	3.58	5.69	5.39	4.75	4.41	5.60	3.38	5.21	5.05	4.11	4.63	4.29	3.56	2.62	3.23	5.75	3.82	5.21	5.08	2.23	4.77	6.22	6.23	6.54	5.97	5.26	5.25	3.60	5.52	5.35	4.81	4.74	5.75	3.07
4.15	3.51	3.04	2.51	1.26	3.50	3.61	2.76	2.33	2.03	1.86	1.12	1.22	2.56	3.74	2.09	0.31	0.84	1.11	0.30	2.09	1.01	2.09	3.75	1.51	2.85	2.72	2.49	3.02	4.40	3.64	3.20	3.44	1.93	3.43	3.33	3.24	1.72	2.07	2.39	2.79	0.00	2.52	2.17	3.95	1.51	3.92	2.13	2.89	4.25	3.53	3.61	2.38	3.18	2.29	3.31	3.31	3.86	3.65	3.77	3.16	3.30	2.80	2.67	2.35	2.24	2.07	1.67	3.06	2.90	2.27	1.89	2.80	0.47	2.29	2.61	1.20	1.72	1.38	0.65	2.42	0.32	3.30	1.37	2.77	2.64	3.42	2.32	3.56	3.78	4.09	3.31	2.81	2.80	4.51	2.73	3.34	1.90	2.29	3.85	3.98
4.50	3.66	3.19	2.86	1.61	3.83	3.93	3.09	2.65	2.36	2.19	1.47	1.57	1.98	3.23	1.50	0.66	1.20	1.47	0.66	1.50	1.36	1.51	2.86	1.87	2.35	3.07	1.70	2.10	3.50	2.72	3.56	3.80	2.29	3.78	3.68	3.60	2.08	2.42	2.74	3.14	0.36	0.00	2.52	3.12	1.82	3.00	1.22	2.09	3.74	3.03	2.73	1.87	2.67	1.72	2.80	3.63	3.40	4.00	4.13	3.41	3.45	2.95	2.82	2.68	2.39	2.22	1.82	3.41	3.21	2.57	2.19	3.16	0.83	2.65	2.96	1.55	2.08	1.73	1.00	2.77	0.68	3.66	1.73	3.12	2.99	2.50	2.67	3.92	4.14	4.44	3.66	3.17	3.16	4.01	3.08	3.60	2.25	2.64	4.00	3.48
4.86	4.01	3.54	3.21	1.96	4.18	4.28	3.44	3.01	2.71	2.54	1.82	1.92	2.33	3.59	1.85	1.01	1.55	1.82	1.01	1.86	1.71	1.86	3.21	0.86	2.70	2.65	1.97	2.45	3.85	3.07	3.39	2.97	1.48	2.91	2.80	3.43	1.20	1.54	1.86	2.27	0.71	0.35	0.00	3.42	2.17	3.35	1.57	2.37	4.10	3.38	3.08	2.22	3.03	2.07	3.15	3.98	3.75	4.36	4.48	3.76	3.80	3.30	3.17	3.03	2.74	2.57	2.17	3.77	3.56	2.92	2.54	3.51	1.18	3.00	3.31	1.90	2.43	2.08	1.36	1.89	1.03	4.01	2.08	3.47	3.34	2.85	3.03	4.27	4.49	4.80	4.02	3.52	3.51	4.36	3.43	3.95	2.60	3.00	4.35	3.83
5.90	4.58	4.11	4.06	2.81	4.75	4.86	4.01	3.58	3.28	3.11	2.87	2.77	3.08	2.46	2.77	2.06	2.48	2.75	2.06	2.77	2.76	2.61	1.28	1.90	2.18	2.10	1.50	1.87	2.06	1.28	3.41	2.54	2.17	2.48	2.37	3.44	2.24	1.12	1.43	1.84	1.75	1.40	1.04	0.00	3.09	1.56	2.58	1.85	3.30	1.58	1.15	1.88	2.23	2.81	1.47	4.56	4.50	5.40	5.52	4.33	4.37	3.87	3.74	3.60	3.31	3.14	2.75	4.81	4.56	3.92	3.55	4.55	2.22	4.04	4.22	2.95	3.47	3.12	2.40	1.47	2.07	4.86	2.92	4.32	4.19	1.06	3.88	5.31	5.34	5.64	5.06	4.37	4.36	3.56	4.47	4.52	3.65	3.84	4.92	3.03
4.16	3.22	2.75	3.62	2.37	3.39	3.50	2.66	2.22	1.92	1.76	2.34	2.33	1.55	2.80	1.06	1.42	1.96	2.23	1.42	1.07	2.12	1.08	2.30	1.63	1.87	3.29	1.14	1.54	2.94	2.16	4.16	3.55	2.24	3.49	3.44	4.20	1.97	2.31	2.63	2.96	1.59	1.23	2.35	2.56	0.00	2.44	0.78	1.53	3.31	2.60	2.17	1.44	2.24	1.28	2.37	3.20	2.97	3.79	3.91	2.98	3.02	2.51	2.38	2.24	1.96	1.79	1.39	3.07	2.78	2.13	1.76	3.93	1.59	3.43	2.55	2.43	2.95	2.60	1.88	2.66	1.55	4.42	2.48	3.88	3.75	1.94	3.44	4.01	4.90	5.21	3.84	3.93	3.92	3.58	3.95	3.16	3.12	3.41	3.56	3.04
7.32	5.96	5.49	5.42	4.17	6.13	6.23	5.39	4.95	4.66	4.49	4.49	4.13	4.45	2.55	4.14	3.68	3.84	4.11	3.67	4.15	4.24	3.98	2.91	3.52	3.79	3.45	3.12	3.48	2.16	2.90	2.73	2.69	3.52	2.63	1.00	2.58	3.86	2.73	3.06	2.10	3.37	3.02	2.66	1.62	4.46	0.00	4.18	3.45	3.22	3.19	2.76	3.26	2.80	4.19	3.07	5.93	5.87	6.91	7.03	5.71	5.75	5.25	5.12	4.98	4.69	4.52	4.12	6.23	5.94	5.29	4.96	6.06	3.84	5.66	5.60	4.57	5.09	4.75	4.02	3.08	3.69	6.21	4.28	5.67	5.54	2.68	5.23	6.68	6.69	7.00	6.43	5.72	5.71	4.15	5.98	5.90	5.27	5.20	6.30	3.62
3.38	2.72	2.25	2.84	1.59	2.71	2.82	1.97	1.54	1.24	1.07	1.56	1.55	1.77	2.95	0.28	0.64	1.18	1.45	0.64	0.29	1.34	1.30	2.91	1.85	2.06	3.05	1.74	2.14	3.55	2.77	3.54	3.77	2.27	3.76	3.66	3.58	2.06	2.40	2.72	3.12	1.74	1.84	2.50	3.16	0.60	3.04	0.00	2.14	3.46	2.74	2.77	1.58	2.39	1.50	2.52	2.52	3.07	3.01	3.13	2.38	2.51	2.01	1.88	1.56	1.45	1.28	0.88	2.29	2.00	1.35	0.98	3.15	0.81	2.65	1.77	1.64	2.17	1.82	1.09	2.75	0.77	3.64	1.70	3.10	2.97	2.55	2.65	3.23	4.12	4.42	3.06	3.15	3.13	3.72	3.17	2.57	2.34	2.62	3.06	3.19
4.11	3.29	2.82	3.57	2.32	3.44	3.54	2.70	2.27	1.97	1.80	2.29	2.28	1.62	2.87	1.01	1.37	1.90	2.17	1.37	1.02	2.07	1.15	2.34	1.53	0.34	3.32	1.17	1.57	2.98	2.19	4.06	3.58	2.14	3.52	3.47	4.09	1.87	2.21	2.53	2.93	1.49	1.13	2.31	2.59	1.33	2.47	0.73	0.00	3.38	2.63	2.20	1.51	2.31	1.35	2.44	3.24	3.03	3.73	3.86	3.04	3.08	2.58	2.45	2.29	2.03	1.86	1.46	3.02	2.73	2.08	1.71	3.88	1.53	3.38	2.50	2.37	2.90	2.55	1.82	2.56	1.50	4.36	2.43	3.83	3.70	1.98	3.38	3.95	4.84	5.15	3.79	3.87	3.86	3.64	3.90	3.23	3.07	3.35	3.63	3.11
6.44	5.07	4.60	5.42	4.17	5.24	5.35	4.50	4.07	3.77	3.61	4.54	4.13	3.57	1.66	3.26	3.62	3.84	4.11	3.62	3.27	4.24	3.10	2.00	3.97	2.78	3.45	3.61	2.47	1.27	1.91	2.58	2.82	3.52	2.63	1.70	2.44	3.99	3.24	3.56	2.71	3.93	3.58	3.28	2.31	3.58	2.29	3.17	2.44	0.00	2.18	1.75	2.38	2.07	3.30	2.06	5.05	4.99	6.06	6.19	4.83	4.87	4.36	4.24	4.09	3.81	3.64	3.24	5.35	5.06	4.41	4.08	6.06	3.78	5.71	4.71	4.62	5.14	4.80	4.07	3.46	3.75	6.21	4.28	5.68	5.55	1.80	5.23	6.28	6.69	7.00	6.12	5.72	5.71	3.27	5.99	5.01	5.32	5.20	5.42	2.73
4.38	3.33	2.86	3.83	2.58	3.50	3.60	2.76	2.33	2.03	1.86	2.56	2.54	1.82	2.20	1.28	1.64	2.17	2.44	1.63	1.28	2.33	1.36	2.60	1.79	0.60	3.58	1.43	1.84	3.20	2.46	4.32	3.85	2.41	3.78	3.59	4.36	2.13	2.48	2.80	3.20	1.75	1.40	2.58	2.86	1.60	2.74	0.99	0.26	2.71	0.00	2.47	0.84	1.64	1.56	1.77	3.30	3.24	4.00	4.12	3.08	3.12	2.62	2.49	2.35	2.06	1.89	1.50	3.28	2.99	2.35	1.97	4.14	1.80	3.64	2.77	2.64	3.16	2.82	2.09	2.83	1.76	4.63	2.70	4.09	3.96	2.24	3.65	4.22	5.11	5.42	4.05	4.14	4.13	2.97	4.17	3.27	3.34	3.62	3.67	2.44
4.81	3.76	3.29	4.26	3.02	3.93	4.04	3.19	2.76	2.46	2.29	2.99	2.98	2.26	2.63	1.71	2.07	2.60	2.87	2.06	1.72	2.77	1.79	1.62	2.22	1.03	2.47	1.87	0.72	2.26	1.47	3.78	2.86	2.54	2.80	2.75	3.82	2.56	1.49	1.81	2.21	2.18	1.83	1.53	1.87	2.03	1.75	1.43	0.70	3.14	0.43	0.00	1.27	2.07	1.99	0.32	3.73	3.67	4.43	4.56	3.51	3.55	3.05	2.92	2.78	2.49	2.32	1.93	3.72	3.42	2.78	2.40	4.58	2.23	4.08	3.20	3.07	3.59	3.25	2.52	1.84	2.19	5.06	3.13	4.53	4.39	1.26	4.08	4.65	5.54	5.85	4.49	4.57	4.56	3.40	4.60	3.70	3.77	4.05	4.10	2.87
4.07	2.70	2.23	3.44	2.19	2.87	2.97	2.13	1.70	1.40	1.23	2.17	2.15	1.19	1.36	0.88	1.24	1.78	2.05	1.24	0.89	1.94	0.73	2.00	2.06	0.87	3.08	1.71	1.33	2.37	1.78	4.12	3.17	2.68	3.10	2.76	4.16	2.40	2.10	2.42	2.58	2.02	1.67	2.14	2.17	1.20	2.16	1.37	0.96	1.87	0.70	1.74	0.00	0.80	0.93	0.93	2.67	2.61	3.69	3.81	2.45	2.49	1.99	1.86	1.72	1.43	1.26	0.86	2.97	2.68	2.04	1.70	3.83	1.41	3.34	2.34	2.25	2.77	2.42	1.70	2.45	1.37	4.24	2.31	3.70	3.57	1.67	3.26	3.91	4.72	5.03	3.74	3.75	3.74	2.14	3.77	2.64	2.94	3.23	3.04	1.60
4.87	3.50	3.03	4.25	2.99	3.67	3.78	2.93	2.50	2.20	2.03	2.97	2.96	2.00	1.24	1.69	2.05	2.58	2.85	2.04	1.70	2.74	1.53	1.87	2.87	1.68	3.59	2.51	1.84	1.57	1.65	3.66	3.04	3.48	2.98	1.95	3.51	3.21	2.61	2.93	2.45	2.83	2.47	2.65	2.05	2.01	2.04	2.18	1.76	1.07	1.50	1.62	0.80	0.00	1.73	1.44	3.48	3.42	4.49	4.62	3.25	3.29	2.79	2.66	2.52	2.24	2.06	1.67	3.78	3.48	2.84	2.51	4.64	2.21	4.14	3.14	3.05	3.57	3.23	2.50	2.96	2.17	5.04	3.11	4.50	4.38	1.54	4.06	4.71	5.52	5.83	4.55	4.55	4.54	1.80	4.58	3.44	3.75	4.03	3.84	1.27
3.88	2.53	2.07	3.22	1.97	2.71	2.81	1.97	1.53	1.23	1.07	1.94	1.93	0.26	2.49	0.66	1.02	1.55	1.82	1.01	0.67	1.72	0.84	3.12	2.22	1.60	3.43	2.12	2.46	3.49	2.90	3.91	4.15	2.64	4.14	3.88	3.95	2.43	2.78	3.10	3.50	2.12	2.21	2.88	3.30	0.98	3.29	1.76	2.52	3.00	2.29	2.87	1.13	1.93	0.00	2.06	2.51	2.73	3.50	3.63	2.29	2.33	1.83	1.70	1.56	1.27	1.10	0.70	2.79	2.50	1.85	1.48	3.62	1.18	3.12	2.18	2.02	2.54	2.20	1.47	3.13	1.15	4.01	2.08	3.48	3.35	2.79	3.03	3.72	4.49	4.80	3.56	3.52	3.51	3.26	3.55	2.48	2.72	3.00	2.88	2.73
5.96	4.59	4.12	4.12	2.87	4.76	4.87	4.02	3.59	3.29	3.12	3.04	2.83	3.09	2.33	2.78	2.23	2.54	2.81	2.23	2.78	2.93	2.62	1.30	2.07	2.19	2.15	1.67	0.40	1.94	1.16	3.46	2.54	2.23	2.48	2.43	3.50	2.41	1.17	1.49	1.89	1.92	1.57	1.21	1.55	3.10	1.43	2.59	1.86	3.20	1.59	1.16	1.89	2.24	2.82	0.00	4.57	4.51	5.57	5.69	4.34	4.39	3.88	3.75	3.61	3.33	3.16	2.76	4.87	4.58	3.93	3.56	4.72	2.39	4.21	4.23	3.12	3.64	3.29	2.57	1.52	2.24	4.92	2.98	4.38	4.25	0.94	3.93	5.38	5.39	5.70	5.13	4.42	4.41	3.58	4.64	4.53	3.82	3.90	4.93	3.04
4.55	2.36	2.73	3.88	2.63	0.19	0.30	2.64	2.20	1.90	1.74	2.61	2.60	0.93	3.16	1.33	1.69	2.22	2.49	1.68	1.34	2.38	1.51	3.79	2.89	2.27	4.09	2.79	3.13	4.16	3.57	4.58	4.82	3.31	4.81	4.55	4.62	3.10	3.44	3.77	4.17	2.78	2.88	3.55	3.97	1.65	3.96	2.43	3.18	3.67	2.96	3.54	1.80	2.60	1.71	2.73	0.00	0.55	3.94	4.06	2.96	2.33	2.48	2.37	2.23	1.94	1.77	1.37	3.46	3.17	2.52	2.15	4.29	1.85	3.79	2.85	2.69	3.21	2.87	2.14	3.80	1.82	4.68	2.75	4.14	4.01	3.46	3.70	4.39	5.16	5.47	4.23	4.19	4.18	3.92	4.22	3.15	3.39	3.67	1.52	3.38
4.56	1.81	2.66	4.43	3.18	0.74	0.84	3.04	2.60	2.44	2.28	3.15	3.14	1.48	3.70	1.87	2.23	2.76	3.03	2.23	1.88	2.93	2.05	4.34	3.43	2.81	4.64	3.33	3.67	4.70	4.11	5.12	5.36	3.85	5.35	5.09	5.16	3.64	3.99	4.31	4.71	3.33	3.42	4.09	4.51	2.19	4.50	2.97	3.73	4.21	3.50	4.08	2.34	3.14	2.25	3.27	0.54	0.00	3.73	3.85	3.06	1.77	1.93	2.23	2.56	2.48	2.31	1.91	3.47	3.18	2.53	2.69	4.33	2.39	3.83	2.84	3.23	3.59	3.24	2.68	4.34	2.36	5.03	3.29	4.69	4.56	4.00	4.24	4.40	5.70	6.01	4.24	4.62	4.72	4.46	4.37	3.25	3.76	4.21	0.96	3.93
3.70	0.95	1.64	4.18	3.62	2.75	2.86	2.01	1.58	2.88	2.72	2.59	3.58	1.91	4.14	2.31	2.67	3.20	3.47	2.66	2.31	3.37	2.49	4.77	3.87	3.25	5.08	3.77	4.11	5.14	4.55	5.56	5.80	4.29	5.79	5.53	5.60	4.08	4.42	4.75	5.15	3.77	3.86	4.53	4.95	2.63	4.94	3.41	4.16	4.65	3.94	4.52	2.77	3.58	2.69	3.70	2.56	3.11	0.00	0.12	0.32	0.75	0.90	1.20	1.53	1.54	2.75	2.35	2.61	2.32	1.68	2.72	3.47	2.83	2.97	1.98	2.56	2.73	2.38	3.12	4.78	2.80	4.17	3.17	4.51	4.43	4.44	4.00	3.55	5.39	5.89	3.38	3.76	4.55	4.73	3.51	0.51	2.91	3.66	2.45	4.19
3.58	0.83	1.51	4.06	3.49	2.62	2.73	1.89	1.45	2.76	2.59	2.47	3.45	1.79	4.01	2.18	2.54	3.08	3.35	2.54	2.19	3.24	2.36	4.65	3.75	3.12	4.95	3.64	3.98	5.02	4.43	5.44	5.67	4.17	5.66	5.41	5.47	3.96	4.30	4.62	5.02	3.64	3.74	4.40	4.82	2.50	4.81	3.28	4.04	4.52	3.81	4.39	2.65	3.45	2.56	3.58	2.43	2.98	3.20	0.00	0.19	0.62	0.78	1.07	1.41	1.41	2.62	2.23	2.49	2.19	1.55	2.60	3.35	2.71	2.85	1.85	2.43	2.60	2.26	2.99	4.65	2.67	4.04	3.04	4.39	4.30	4.32	3.87	3.42	5.26	5.76	3.26	3.64	4.42	4.60	3.39	0.38	2.78	3.54	2.32	4.07
3.38	0.63	1.32	3.87	3.29	2.43	2.53	1.69	1.26	2.56	2.40	2.27	3.26	1.59	3.82	1.99	2.35	2.88	3.15	2.34	2.00	3.04	2.17	4.45	3.55	2.93	4.75	3.45	3.79	4.82	4.23	5.24	5.48	3.97	5.47	5.21	5.28	3.76	4.11	4.42	4.83	3.44	3.54	4.21	4.63	2.31	4.62	3.09	3.84	4.33	3.62	4.20	2.46	3.26	2.37	3.38	2.23	2.79	3.01	3.13	0.00	0.43	0.59	0.88	1.21	1.22	2.43	2.03	2.29	2.00	1.36	2.40	3.15	2.51	2.65	1.66	2.24	2.41	2.06	2.80	4.46	2.48	3.85	2.84	4.19	4.11	4.12	3.68	3.23	5.07	5.56	3.06	3.44	4.23	4.41	3.19	2.07	2.59	3.34	2.13	3.88
3.42	1.85	0.89	3.90	2.87	2.00	2.11	1.27	0.83	2.14	1.97	2.31	2.83	1.17	3.39	1.56	1.92	2.46	2.73	1.92	1.57	2.62	1.74	4.03	3.12	2.50	4.33	3.02	3.36	4.40	3.81	4.81	5.05	3.54	5.04	4.79	4.85	3.34	3.68	4.00	4.40	3.02	3.12	3.78	4.20	1.88	4.19	2.66	3.42	3.90	3.19	3.77	2.03	2.83	1.94	2.96	1.81	2.36	3.04	3.17	1.81	0.00	0.16	0.45	0.79	0.79	2.00	1.60	2.33	2.04	1.39	2.38	3.19	2.08	2.69	1.70	2.28	2.45	2.10	2.37	4.03	2.05	3.89	2.88	4.23	4.15	3.69	3.72	3.27	5.11	5.60	3.10	3.48	4.27	3.98	3.23	2.00	2.62	3.38	1.70	3.45
4.44	1.69	0.73	3.96	2.71	1.84	1.95	1.11	0.67	1.98	1.81	2.68	2.67	1.01	3.23	1.40	1.76	2.30	2.57	1.76	1.41	2.46	1.58	3.87	2.97	2.34	4.17	2.86	3.20	4.24	3.65	4.66	4.89	3.38	4.88	4.63	4.69	3.18	3.52	3.84	4.24	2.86	2.96	3.62	4.04	1.72	4.03	2.51	3.26	3.74	3.03	3.61	1.87	2.67	1.78	2.80	1.65	2.20	4.07	4.19	2.94	1.66	0.00	0.29	0.63	2.02	1.84	1.45	3.35	3.06	2.42	2.22	4.21	1.93	3.72	2.72	2.77	3.29	2.94	2.22	3.87	1.89	4.76	2.82	4.22	4.09	3.54	3.77	4.29	5.24	5.54	4.12	4.26	4.25	3.82	4.25	3.13	3.46	3.74	1.54	3.29
4.33	2.02	1.18	3.67	2.42	1.55	1.66	0.82	0.38	1.69	1.52	2.39	2.38	0.72	2.94	1.11	1.47	2.00	2.27	1.47	1.12	2.17	1.29	3.58	2.67	2.05	3.88	2.57	2.91	3.95	3.36	4.36	4.60	3.09	4.59	4.34	4.40	2.88	3.23	3.55	3.95	2.57	2.66	3.33	3.75	1.43	3.74	2.21	2.97	3.45	2.74	3.32	1.58	2.38	1.49	2.51	1.36	1.91	3.96	4.08	2.74	1.98	2.14	0.00	0.34	1.72	1.55	1.16	3.24	2.95	2.30	1.93	4.08	1.64	3.57	2.63	2.47	2.99	2.65	1.92	3.58	1.60	4.46	2.53	3.93	3.80	3.24	3.48	4.17	4.94	5.25	4.01	3.97	3.96	3.53	4.00	2.93	3.17	3.45	1.91	3.00
3.99	2.65	2.18	3.33	2.08	2.68	2.79	2.08	1.65	1.35	1.18	2.06	2.04	0.38	2.60	0.78	1.13	1.67	1.94	1.13	0.78	1.83	0.96	3.24	2.34	1.72	3.54	2.23	2.58	3.61	3.02	4.03	4.27	2.76	4.25	4.00	4.07	2.55	2.89	3.21	3.61	2.23	2.33	2.99	3.42	1.09	3.40	1.88	2.63	3.12	2.40	2.98	1.24	2.04	1.16	2.17	2.49	1.94	3.62	3.74	2.40	2.44	1.94	1.81	0.00	1.39	1.22	0.82	2.90	2.61	1.97	1.59	3.74	1.30	3.23	2.29	2.14	2.66	2.31	1.59	3.24	1.26	4.13	2.19	3.59	3.46	2.91	3.15	3.84	4.61	4.92	3.67	3.64	3.63	3.19	3.66	2.59	2.84	3.12	2.91	2.66
2.63	1.26	1.95	3.11	2.91	3.06	3.17	2.32	1.89	2.29	2.13	1.52	2.88	2.23	3.93	2.28	1.97	2.50	2.77	1.96	2.29	2.66	2.28	4.10	3.17	3.04	4.37	2.94	3.34	4.74	3.96	4.86	5.10	3.59	5.09	4.98	4.90	3.38	3.72	4.04	4.44	3.06	3.03	3.83	4.36	1.80	4.24	2.58	3.33	4.44	3.73	3.97	2.57	3.37	2.48	3.50	2.87	3.42	2.26	2.38	1.02	1.06	1.22	1.51	1.84	0.00	1.83	1.70	1.54	1.25	0.60	1.65	2.40	2.13	1.90	0.91	1.49	1.66	1.31	2.42	4.07	2.09	3.10	2.09	3.44	3.36	3.74	2.93	2.48	4.32	4.81	2.31	2.69	3.48	4.71	2.44	1.20	1.84	2.59	2.76	4.17
2.80	1.43	1.46	3.28	3.08	2.57	2.68	1.83	1.40	2.46	2.30	1.69	3.05	1.73	3.96	2.13	2.14	2.67	2.94	2.13	2.14	2.84	2.31	4.27	3.34	3.07	4.54	3.11	3.51	4.91	4.13	5.03	5.27	3.76	5.26	5.15	5.07	3.55	3.90	4.21	4.62	3.23	3.20	4.00	4.53	1.97	4.41	2.75	3.51	4.47	3.76	4.14	2.60	3.40	2.51	3.53	2.38	2.93	2.43	2.55	1.19	1.23	0.73	1.02	1.36	0.17	0.00	1.88	1.71	1.42	0.78	1.82	2.57	2.30	2.07	1.08	1.66	1.83	1.48	2.59	4.25	2.27	3.27	2.27	3.62	3.53	3.92	3.10	2.65	4.49	4.99	2.48	2.86	3.65	4.55	2.61	1.38	2.01	2.76	2.27	4.02
3.20	1.83	1.36	3.13	1.88	2.06	2.16	1.32	0.88	0.59	0.42	1.86	1.84	1.05	2.23	0.58	0.94	1.47	1.74	0.93	0.58	1.63	0.58	2.86	2.14	1.34	3.34	2.03	2.20	3.23	2.64	3.83	4.03	2.56	3.97	3.62	3.87	2.35	2.69	3.01	3.42	2.03	2.13	2.80	3.04	0.90	3.03	1.68	2.29	2.74	2.02	2.61	0.86	1.67	0.78	1.80	1.86	2.42	2.82	2.95	1.58	1.63	1.12	1.00	0.91	0.57	0.40	0.00	2.11	1.82	1.17	1.39	2.97	1.10	2.47	1.48	1.94	2.23	1.88	1.39	3.04	1.06	3.67	2.00	3.39	3.26	2.53	2.95	3.04	4.41	4.72	2.88	3.26	3.43	3.00	3.01	1.77	2.40	2.92	2.17	2.47
1.09	2.63	3.31	2.82	2.83	4.43	4.53	3.69	3.25	3.16	2.99	2.39	2.87	3.59	4.80	3.15	2.83	3.37	3.48	2.83	3.16	3.44	3.15	4.97	3.95	3.91	4.25	3.81	4.21	5.61	4.83	4.74	4.98	3.82	4.96	5.55	4.78	4.16	4.50	4.83	5.23	3.84	3.90	4.61	5.22	2.67	5.11	3.45	4.20	5.31	4.60	4.84	3.44	4.24	3.35	4.37	4.23	4.78	1.68	1.80	2.00	2.42	2.58	2.87	3.21	2.87	2.70	2.57	0.00	2.19	2.89	2.52	0.86	3.00	1.46	1.77	2.36	2.34	2.32	3.28	4.86	2.96	1.56	2.92	1.90	2.26	4.61	2.63	0.94	2.78	3.33	0.77	1.15	1.94	5.58	0.90	2.19	2.39	2.04	4.12	5.04
1.38	1.96	2.64	3.11	3.12	3.76	3.86	3.02	2.58	3.45	3.29	2.68	3.16	2.92	5.09	3.31	3.12	3.66	3.77	3.12	3.32	3.74	3.44	5.26	4.24	4.21	4.54	4.10	4.50	5.90	5.12	5.03	5.27	4.11	5.26	5.84	5.07	4.45	4.80	5.12	5.52	4.14	4.19	4.90	5.52	2.96	5.40	3.74	4.49	5.60	4.89	5.13	3.73	4.53	3.64	4.66	3.56	4.11	1.01	1.13	1.33	1.75	1.91	2.20	2.54	2.54	2.99	2.87	0.29	0.00	2.68	2.81	1.15	3.29	1.75	2.07	2.65	2.63	2.61	3.58	5.15	3.25	1.85	3.21	2.19	2.55	4.90	2.92	1.23	3.07	3.62	1.06	1.44	2.23	5.73	1.19	1.52	2.68	2.33	3.46	5.20
2.03	1.66	2.34	3.31	3.32	3.46	3.56	2.72	2.28	2.99	2.83	2.23	3.36	2.62	4.64	2.98	2.67	3.20	3.47	2.66	2.99	3.37	2.99	4.81	3.87	3.75	4.74	3.64	4.04	5.44	4.66	5.23	5.47	4.29	5.46	5.69	5.27	4.08	4.43	4.75	5.15	3.77	3.73	4.53	5.06	2.50	4.94	3.28	4.04	5.15	4.43	4.67	3.27	4.08	3.19	4.20	3.26	3.81	1.65	1.78	1.02	1.45	1.61	1.90	2.24	2.24	2.53	2.41	0.94	0.64	0.00	2.35	1.80	2.83	1.30	1.61	2.19	2.29	2.15	3.12	4.78	2.80	2.49	2.87	2.84	2.75	4.45	3.12	1.87	3.71	4.26	1.71	2.09	2.88	5.41	1.84	1.21	2.34	1.99	3.15	4.88
2.40	2.03	2.68	3.00	2.80	3.65	3.76	2.91	2.48	2.18	2.01	1.41	2.76	2.64	3.82	2.17	1.85	2.39	2.66	1.85	2.17	2.55	2.17	3.99	3.06	2.93	4.26	2.82	3.23	4.63	3.85	4.75	4.99	3.48	4.97	4.87	4.79	3.27	3.61	3.93	4.33	2.95	2.92	3.71	4.24	1.68	4.12	2.47	3.22	4.33	3.62	3.85	2.46	3.26	2.37	3.39	3.46	4.01	2.03	2.15	1.40	1.83	1.98	2.28	2.50	1.89	1.72	1.59	1.31	1.02	0.38	0.00	2.17	2.02	1.67	0.79	1.37	1.55	1.20	2.31	3.96	1.98	2.87	1.98	3.22	3.13	3.63	2.81	2.25	4.09	4.64	2.08	2.46	3.25	4.59	2.21	1.59	1.72	2.36	3.49	4.06
2.71	2.22	2.81	2.74	2.75	3.77	3.88	3.03	2.60	2.30	2.13	1.53	2.79	2.76	3.94	2.29	1.97	2.51	2.78	1.97	2.30	2.67	2.29	4.11	3.18	3.05	4.18	2.94	3.35	4.75	3.97	4.66	4.90	3.60	4.89	4.99	4.70	3.39	3.73	4.05	4.45	3.07	3.04	3.84	4.36	1.81	4.25	2.59	3.34	4.45	3.74	3.98	2.58	3.38	2.49	3.51	3.58	4.13	2.34	2.46	1.58	2.01	2.17	2.44	2.62	2.01	1.84	1.71	1.62	1.33	2.03	1.66	0.00	2.14	0.60	0.91	1.50	1.72	1.46	2.43	4.08	2.10	2.27	2.24	2.43	2.19	3.75	2.56	2.34	3.45	3.76	2.09	1.65	2.47	4.71	1.50	1.77	1.77	1.42	3.62	4.18
4.03	3.90	3.43	2.03	0.78	4.40	4.50	3.66	3.22	2.92	2.76	2.10	0.74	3.38	4.57	2.92	2.64	0.37	0.64	2.63	2.92	1.93	2.92	4.26	2.44	3.68	2.24	3.42	3.94	4.53	4.26	2.73	2.97	1.46	2.96	3.54	2.77	2.65	2.99	3.03	3.43	2.33	3.44	3.09	4.08	2.50	4.18	3.06	3.81	5.08	4.36	4.13	3.20	4.01	3.12	4.13	4.20	4.75	3.52	3.65	3.42	3.69	3.19	3.06	3.25	2.63	2.46	2.34	2.94	3.17	2.66	2.28	2.68	0.00	2.56	2.87	2.19	2.12	1.88	1.77	2.93	2.65	2.83	0.90	2.29	2.16	4.04	1.85	3.30	3.31	3.62	3.05	2.34	2.33	5.34	2.60	3.61	2.16	1.82	4.24	4.81
3.46	2.67	2.20	2.66	2.32	3.17	3.27	2.43	2.00	1.70	1.53	0.93	2.28	2.16	3.34	1.69	1.37	1.90	2.17	1.37	1.69	2.07	1.69	3.51	2.58	2.45	3.78	2.34	2.74	4.15	3.37	4.26	4.50	2.99	4.49	4.39	4.30	2.78	3.13	3.45	3.85	2.47	2.44	3.23	3.76	1.20	3.64	1.98	2.74	3.85	3.13	3.37	1.98	2.78	1.89	2.91	2.97	3.52	3.08	3.21	2.42	2.47	1.96	1.83	2.02	1.41	1.23	1.11	2.37	2.08	1.43	1.05	2.28	1.53	0.00	0.31	0.89	1.20	0.86	1.82	3.48	1.50	2.97	1.64	3.03	2.90	3.15	2.47	3.04	4.05	4.36	2.79	2.35	3.07	4.11	2.21	2.61	1.38	2.23	3.01	3.58
3.15	2.36	1.89	3.26	2.01	2.86	2.96	2.12	1.68	1.38	1.22	0.62	1.97	1.84	3.03	1.38	1.06	1.59	1.86	1.05	1.38	1.76	1.38	3.19	2.26	2.14	3.47	2.03	2.43	3.84	3.05	3.95	4.19	2.68	4.18	4.08	3.99	2.47	2.82	3.14	3.54	2.16	2.12	2.92	3.45	0.89	3.33	1.67	2.43	3.54	2.82	3.06	1.66	2.47	1.58	2.59	2.66	3.21	2.77	2.90	2.11	2.15	1.65	1.52	1.71	1.09	0.92	0.80	2.06	1.76	1.12	0.74	2.92	1.22	2.42	0.00	0.58	2.29	1.94	1.51	3.17	1.19	3.61	2.12	3.52	3.39	2.84	3.07	2.99	4.53	4.84	2.83	3.21	3.55	3.80	2.96	2.30	2.47	3.04	2.70	3.27
4.43	3.53	3.06	2.68	1.43	3.70	3.81	2.97	2.53	2.23	2.07	1.40	1.39	1.86	3.11	1.38	0.48	1.01	1.28	0.48	1.38	1.18	1.39	2.62	1.68	2.18	2.89	1.45	1.85	3.26	2.47	3.37	3.61	2.10	3.60	3.49	3.41	1.89	2.24	2.56	2.96	1.58	1.55	2.34	2.87	0.31	2.75	1.09	1.85	3.62	2.91	2.48	1.75	2.55	1.59	2.68	3.51	3.28	3.93	4.06	3.29	3.33	2.83	2.70	2.56	2.27	2.10	1.70	3.34	3.09	2.45	2.07	3.08	0.64	2.58	2.87	0.00	2.00	1.66	0.93	2.59	0.61	3.47	1.54	2.94	2.81	2.26	2.49	3.84	3.95	4.26	3.59	2.98	2.97	3.89	3.01	3.48	2.18	2.46	3.88	3.36
2.43	2.88	3.56	2.36	2.36	4.68	4.78	3.94	3.51	3.38	3.22	2.61	2.40	3.84	5.02	3.37	3.06	2.36	2.63	3.05	3.38	2.44	3.37	5.18	2.94	4.13	3.79	3.92	4.43	5.83	5.05	4.28	4.51	3.35	4.50	4.75	4.31	3.15	3.50	3.82	4.22	2.84	3.95	3.60	5.38	2.89	5.33	3.56	4.32	5.53	4.82	5.04	3.66	4.46	3.58	4.59	4.48	5.04	1.93	2.05	2.25	2.67	2.83	3.12	3.46	3.09	2.92	2.80	1.34	2.38	3.12	2.74	1.08	1.99	1.68	2.00	2.58	0.00	2.48	2.27	3.85	3.16	1.77	1.91	2.02	1.80	4.83	2.17	1.84	2.99	3.37	1.59	1.15	2.06	5.80	1.00	2.44	1.38	1.03	4.38	5.26
2.77	2.41	3.10	2.70	2.71	4.09	4.19	3.35	2.92	2.62	2.45	1.85	2.75	3.08	4.26	2.61	2.29	2.70	2.97	2.29	2.61	2.78	2.61	4.43	3.29	3.37	4.13	3.26	3.66	5.07	4.29	4.62	4.86	3.70	4.85	5.10	4.66	3.50	3.84	4.16	4.56	3.18	3.36	3.94	4.68	2.12	4.56	2.91	3.66	4.77	4.06	4.29	2.90	3.70	2.81	3.83	3.89	4.44	2.27	2.40	1.78	2.21	2.37	2.66	2.94	2.33	2.16	2.03	1.68	1.52	2.35	1.98	1.43	2.33	0.92	1.23	1.81	0.34	0.00	2.62	4.19	2.42	2.12	2.26	2.37	2.14	4.07	2.51	2.19	3.33	3.71	1.93	1.50	2.40	5.03	1.35	1.97	0.52	1.38	3.91	4.50
3.50	2.87	2.41	2.64	2.62	3.37	3.48	2.63	2.20	1.90	1.73	1.25	2.58	2.36	3.54	1.89	1.69	2.20	2.47	1.69	1.90	2.28	1.89	3.83	2.79	2.65	4.07	2.66	3.06	4.47	3.69	4.56	4.77	3.29	4.70	4.60	4.60	3.00	3.34	3.66	4.06	2.68	2.76	3.44	4.08	1.52	3.97	2.31	3.06	4.05	3.34	3.69	2.18	2.98	2.09	3.11	3.18	3.73	3.00	3.12	2.51	2.67	2.17	2.04	2.22	1.61	1.44	1.31	2.41	2.25	1.63	1.26	2.15	1.83	1.65	1.96	1.21	1.07	0.73	0.00	3.69	1.82	2.84	1.62	3.02	2.87	3.47	2.45	2.91	4.03	4.34	2.66	2.22	3.05	4.31	2.08	2.69	1.25	2.10	3.22	3.78
5.99	4.62	4.16	4.21	2.96	4.80	4.90	4.06	3.62	3.33	3.16	3.02	2.92	3.12	2.50	2.81	2.21	2.63	2.90	2.20	2.82	2.91	2.66	1.33	2.05	2.23	2.24	1.65	1.92	2.11	1.33	3.56	2.69	2.32	2.63	2.52	3.59	2.39	1.26	1.58	1.98	1.90	1.54	1.19	1.73	3.13	1.61	2.62	1.89	3.35	1.63	1.20	1.93	2.28	2.86	1.52	4.60	4.54	5.55	5.67	4.38	4.42	3.92	3.79	3.65	3.36	3.19	2.79	4.90	4.61	3.97	3.60	4.70	2.37	4.19	4.27	3.10	3.62	3.27	2.55	0.00	2.22	5.01	3.07	4.47	4.34	1.11	4.02	5.46	5.49	5.79	5.21	4.51	4.50	3.61	4.62	4.57	3.80	3.99	4.97	3.08
3.83	3.18	2.71	2.96	2.30	3.18	3.28	2.44	2.00	1.71	1.54	0.79	2.26	2.23	3.42	1.76	1.35	1.89	2.16	1.35	1.77	2.05	1.77	3.49	2.56	2.53	3.76	2.33	2.73	4.13	3.35	4.25	4.49	2.98	4.47	4.37	4.29	2.77	3.11	3.43	3.83	2.45	2.42	3.22	3.74	1.19	3.63	1.97	2.72	3.92	3.21	3.36	2.05	2.86	1.97	2.98	2.98	3.53	3.33	3.45	2.83	2.98	2.47	2.34	2.03	1.92	1.75	1.35	2.73	2.58	1.94	1.57	2.48	1.52	1.97	2.28	0.88	1.40	1.05	0.32	3.46	0.00	3.17	1.94	3.34	3.19	3.13	2.78	3.24	4.36	4.66	2.99	2.55	3.38	4.19	2.40	3.02	1.57	2.43	3.52	3.66
2.07	3.31	3.99	2.42	2.43	5.11	5.21	4.37	3.94	3.81	3.65	3.04	2.47	4.27	5.45	3.80	3.48	2.85	3.09	3.48	3.81	2.92	3.80	5.62	3.43	4.56	3.86	4.41	4.86	6.14	5.48	4.34	4.58	3.42	4.57	5.16	4.38	3.64	3.98	4.31	4.71	3.33	4.44	4.09	5.69	3.32	5.76	4.05	4.81	5.96	5.25	5.49	4.09	4.89	4.00	5.02	4.91	5.46	2.36	2.48	2.68	3.10	3.26	3.56	3.89	3.52	3.35	3.23	1.77	2.84	3.54	3.17	1.51	2.48	2.12	2.43	3.01	1.82	2.97	2.76	4.34	3.61	0.00	2.40	1.51	1.87	5.26	2.24	1.22	2.23	2.54	0.97	0.26	1.54	6.23	1.43	2.87	1.87	1.52	4.81	5.69
3.13	3.16	3.84	1.82	1.83	4.83	4.94	4.09	3.66	3.36	3.20	2.59	1.87	3.82	5.00	3.35	3.03	2.36	2.49	3.03	3.36	2.44	3.35	5.17	2.95	4.12	3.26	3.93	4.41	5.54	5.03	3.74	3.98	2.82	3.97	4.56	3.78	3.16	3.50	3.82	4.22	2.84	3.96	3.60	5.09	2.87	5.19	3.57	4.32	5.51	4.80	5.04	3.64	4.44	3.56	4.57	4.64	5.19	2.63	2.75	2.52	2.95	3.11	3.40	3.68	3.07	2.90	2.77	2.04	2.27	3.09	2.72	1.78	1.99	1.66	1.98	2.56	1.22	2.48	2.28	3.85	3.16	1.93	0.00	1.40	1.27	4.81	1.64	2.40	2.41	2.72	2.15	1.44	1.43	5.78	1.70	2.71	1.27	0.92	4.65	5.25
3.98	3.88	4.24	0.91	0.92	5.21	5.31	4.47	4.03	3.73	3.57	2.91	0.96	4.19	5.03	3.72	3.21	2.23	1.58	3.21	3.73	2.51	3.73	4.37	3.13	4.27	2.35	3.54	4.07	4.63	4.36	2.84	3.07	1.91	3.06	3.65	2.87	2.89	3.23	3.13	3.53	2.91	3.57	3.22	4.18	3.31	4.29	3.63	3.94	5.89	4.66	4.23	4.01	4.81	3.93	4.55	5.01	5.56	3.48	3.61	3.25	3.68	3.84	3.87	4.06	3.44	3.27	3.15	2.89	3.00	3.47	3.09	2.64	2.29	2.39	2.70	2.99	1.95	2.69	2.58	3.03	3.23	2.79	1.70	0.00	0.36	4.15	0.73	3.26	3.27	3.44	3.01	2.30	2.29	6.15	2.56	3.44	2.00	1.65	5.05	5.62
4.48	4.35	3.88	0.56	0.56	4.85	4.95	4.11	3.67	3.38	3.21	2.55	0.60	3.83	4.67	3.37	2.86	1.87	1.22	2.85	3.37	2.15	3.37	4.01	2.77	3.92	1.99	3.18	3.71	4.28	4.00	2.48	2.72	1.55	2.70	3.29	2.52	2.53	2.87	2.77	3.17	2.55	3.21	2.86	3.83	2.95	3.93	3.27	3.58	5.53	4.31	3.87	3.65	4.46	3.57	4.19	4.65	5.20	3.98	4.10	3.87	4.14	3.64	3.51	3.70	3.08	2.91	2.79	3.38	3.62	3.11	2.73	3.13	1.93	3.01	3.32	2.63	2.57	2.34	2.22	2.68	2.87	3.28	1.35	2.28	0.00	3.79	0.37	3.75	3.76	4.07	3.50	2.79	2.78	5.79	3.05	4.06	2.61	2.27	4.69	5.26
6.17	4.80	4.33	5.54	4.29	4.97	5.08	4.23	3.80	3.50	3.33	4.27	4.25	3.29	1.39	2.99	3.34	3.88	4.15	3.34	2.99	4.04	2.83	1.86	3.82	2.63	3.91	3.47	2.32	1.00	1.76	3.23	3.15	3.98	3.08	1.49	3.08	4.16	3.09	3.41	2.56	3.78	3.43	3.13	2.12	3.31	0.50	3.02	2.29	2.27	2.03	1.60	2.10	1.80	3.03	1.92	4.78	4.71	5.79	5.92	4.55	4.59	4.09	3.96	3.82	3.53	3.36	2.97	5.08	4.78	4.14	3.80	5.94	3.51	5.44	4.44	4.35	4.87	4.53	3.80	3.44	3.47	6.34	4.41	5.80	5.67	0.00	5.36	6.01	6.82	7.13	5.84	5.85	5.84	2.99	5.88	4.74	5.05	5.33	5.14	2.46
4.11	3.98	3.51	2.11	0.19	4.48	4.58	3.74	3.30	3.01	2.84	2.18	0.23	3.46	4.30	2.99	2.48	1.50	0.85	2.48	3.00	1.78	3.00	3.64	2.40	3.54	1.62	2.81	3.34	3.91	3.63	2.11	2.34	1.18	2.33	2.92	2.15	2.16	2.50	2.40	2.81	2.18	2.84	2.49	3.46	2.58	3.56	2.90	3.21	5.16	3.94	3.50	3.28	4.09	3.20	3.82	4.28	4.83	3.60	3.73	3.50	3.77	3.27	3.14	3.33	2.72	2.54	2.42	3.02	3.24	2.74	2.36	2.76	1.56	2.64	2.95	2.27	2.20	1.97	1.85	2.31	2.50	2.91	0.98	2.37	2.24	3.42	0.00	3.38	3.39	3.70	3.13	2.42	2.41	5.42	2.68	3.69	2.24	1.90	4.32	4.89
1.61	2.60	3.28	2.64	2.65	4.40	4.50	3.66	3.23	2.98	2.82	2.21	2.69	3.44	4.62	2.97	2.66	3.19	3.31	2.65	2.98	3.27	2.98	4.79	3.77	3.74	4.08	3.63	4.03	5.43	4.65	4.56	4.80	3.64	4.79	5.38	4.60	3.98	4.33	4.65	5.05	3.67	3.72	4.43	5.05	2.49	4.93	3.27	4.03	5.14	4.42	4.66	3.26	4.07	3.18	4.19	4.20	4.75	1.65	1.77	1.97	2.40	2.55	2.84	3.18	2.69	2.52	2.40	1.06	2.01	2.72	2.34	0.68	2.82	1.29	1.60	2.18	2.17	2.14	3.11	4.68	2.78	1.38	2.74	1.73	2.08	4.44	2.46	0.00	2.60	3.15	0.59	0.97	1.76	5.40	0.72	2.16	2.21	1.86	4.10	4.87
2.09	4.42	5.10	2.84	2.84	6.22	6.32	5.48	5.04	5.65	5.49	4.83	2.88	5.38	6.95	5.64	5.13	4.15	3.50	5.13	5.65	4.42	5.64	6.29	5.05	6.19	4.27	5.46	5.99	6.55	6.28	4.75	4.99	3.83	4.98	5.57	4.79	4.81	5.15	5.05	5.45	4.83	5.49	5.14	6.11	5.22	6.21	5.55	5.86	7.81	6.58	6.15	5.93	6.74	5.85	6.47	6.02	6.57	3.47	3.59	3.79	4.21	4.37	4.66	5.00	5.00	5.19	5.07	3.81	4.14	5.14	5.01	3.56	4.21	4.16	4.47	4.91	3.87	4.61	4.50	4.96	5.15	2.62	3.62	1.92	2.28	6.07	2.65	3.24	0.00	1.58	2.99	2.47	1.85	8.07	3.48	3.98	3.92	3.57	5.92	7.54
2.51	4.04	4.73	2.70	2.71	5.84	5.95	5.11	4.67	4.64	4.48	3.87	2.75	5.01	6.29	4.63	4.32	3.88	3.37	4.31	4.64	3.96	4.64	6.16	4.46	5.40	4.14	5.29	5.69	6.42	6.15	4.62	4.86	3.70	4.85	5.44	4.66	4.67	5.02	4.92	5.32	4.36	5.36	5.01	5.97	4.15	6.07	4.93	5.69	6.80	6.08	6.02	4.92	5.72	4.84	5.85	5.65	6.20	3.09	3.22	3.41	3.84	4.00	4.29	4.63	4.35	4.18	4.06	2.72	3.67	4.38	4.00	2.34	3.51	2.95	3.26	3.84	2.86	3.80	3.80	4.82	4.44	1.03	3.43	1.79	2.15	5.94	2.52	1.66	1.51	0.00	1.41	1.30	1.72	7.06	2.38	3.60	2.90	2.56	5.54	6.53
1.10	2.63	3.32	2.89	2.90	4.43	4.54	3.69	3.26	3.23	3.07	2.46	2.94	3.60	4.88	3.22	2.91	3.44	3.56	2.90	3.23	3.52	3.23	5.04	4.03	3.99	4.33	3.88	4.28	5.68	4.90	4.81	5.05	3.89	5.04	5.63	4.85	4.24	4.58	4.90	5.30	3.92	3.97	4.68	5.30	2.74	5.18	3.52	4.28	5.39	4.67	4.91	3.51	4.31	3.43	4.44	4.24	4.79	1.68	1.81	2.00	2.43	2.59	2.88	3.22	2.94	2.77	2.65	1.31	2.26	2.97	2.59	0.93	3.07	1.54	1.85	2.43	2.42	2.39	3.36	4.93	3.03	0.79	2.99	1.98	2.34	4.69	2.70	0.25	2.01	2.56	0.00	1.05	2.01	5.65	0.98	2.19	2.46	2.12	4.13	5.12
1.81	3.34	4.03	2.47	2.48	5.14	5.25	4.41	3.97	3.86	3.69	3.09	2.52	4.31	5.50	3.85	3.53	2.90	3.13	3.53	3.86	2.97	3.85	5.67	3.48	4.61	3.91	4.46	4.91	6.19	5.53	4.39	4.63	3.47	4.62	5.21	4.43	3.69	4.03	4.35	4.75	3.37	4.49	4.14	5.74	3.37	5.81	4.10	4.86	6.01	5.30	5.54	4.14	4.94	4.05	5.07	4.95	5.50	2.39	2.52	2.71	3.14	3.30	3.59	3.93	3.57	3.40	3.27	1.82	2.89	3.59	3.22	1.56	2.52	2.16	2.48	3.06	1.87	3.01	2.81	4.38	3.66	0.89	2.45	1.56	1.92	5.31	2.28	0.96	2.11	2.46	0.71	0.00	1.59	6.28	1.48	2.90	1.92	1.57	4.84	5.74
2.43	3.78	4.47	2.45	2.46	5.58	5.69	4.84	4.41	4.29	4.12	3.52	2.49	4.74	5.93	4.28	3.96	3.32	3.11	3.96	4.28	3.40	4.28	5.90	3.91	5.04	3.88	4.88	5.33	6.17	5.89	4.37	4.61	3.44	4.59	5.18	4.41	4.12	4.46	4.66	5.06	3.80	4.91	4.56	5.72	3.79	5.82	4.53	5.28	6.44	5.72	5.76	4.56	5.37	4.48	5.49	5.39	5.94	2.83	2.96	3.15	3.58	3.74	4.03	4.36	3.99	3.82	3.70	2.24	3.31	4.02	3.64	1.98	2.95	2.59	2.90	3.48	2.29	3.44	3.24	4.57	4.09	1.23	2.87	1.53	1.89	5.68	2.26	1.58	1.71	2.02	1.33	0.62	0.00	6.70	1.91	3.34	2.34	2.00	5.28	6.17
6.92	5.55	5.08	6.30	5.05	4.58	4.65	4.99	4.55	4.25	4.09	5.02	5.01	4.05	3.29	3.74	4.10	4.63	4.90	4.09	3.75	4.80	3.58	3.92	4.92	3.73	5.64	4.56	3.89	3.52	3.70	4.80	5.04	5.53	4.84	3.91	4.66	5.26	4.66	4.98	4.50	4.88	4.52	4.70	4.10	4.06	4.09	4.23	3.82	2.47	3.55	3.67	2.86	2.05	3.78	3.49	4.76	4.21	6.54	6.67	5.31	5.35	4.84	4.71	4.58	4.29	4.12	3.72	5.83	5.54	4.89	4.56	6.69	4.26	6.19	5.19	5.10	5.62	5.28	4.55	5.01	4.23	7.09	5.16	6.56	6.43	3.59	6.11	6.76	7.57	7.88	6.60	6.60	6.59	0.00	6.63	5.49	5.80	6.08	5.18	3.33
1.43	1.88	2.56	3.15	3.16	3.67	3.78	2.94	2.50	3.49	3.33	2.72	3.20	2.84	5.06	3.23	3.17	3.70	3.82	3.16	3.24	3.78	3.41	5.30	4.29	4.17	4.58	4.14	4.54	5.94	5.16	5.07	5.31	4.15	5.30	5.89	5.11	4.50	4.84	5.16	5.56	4.18	4.23	4.94	5.56	3.00	5.44	3.78	4.54	5.57	4.86	5.17	3.70	4.50	3.61	4.63	3.48	4.03	0.92	1.05	1.24	1.67	1.83	2.12	2.46	2.46	3.03	2.91	0.33	1.59	2.60	2.85	1.19	3.33	1.80	2.11	2.69	2.67	2.65	3.62	5.19	3.29	1.89	3.25	2.24	2.59	4.94	2.97	1.27	3.11	3.66	1.10	1.48	2.27	5.65	0.00	1.43	2.72	2.38	3.37	5.12
3.64	0.89	1.57	4.12	3.55	2.68	2.79	1.95	1.51	2.82	2.65	2.53	3.51	1.85	4.07	2.24	2.60	3.14	3.41	2.60	2.25	3.30	2.42	4.71	3.81	3.19	5.01	3.70	4.04	5.08	4.49	5.50	5.74	4.22	5.72	5.47	5.54	4.02	4.36	4.68	5.08	3.70	3.80	4.46	4.88	2.56	4.87	3.34	4.10	4.58	3.87	4.45	2.71	3.51	2.62	3.64	2.49	3.04	3.26	3.39	0.26	0.68	0.84	1.13	1.47	1.47	2.68	2.29	2.55	2.26	1.61	2.66	3.41	2.77	2.91	1.91	2.49	2.66	2.32	3.06	4.71	2.73	4.11	3.10	4.45	4.36	4.38	3.93	3.48	5.32	5.82	3.32	3.70	4.49	4.66	3.45	0.00	2.84	3.60	2.38	4.13
2.38	1.89	2.58	3.05	2.72	3.57	3.67	2.83	2.39	2.10	1.93	1.32	2.68	2.55	3.74	2.08	1.77	2.30	2.57	1.77	2.09	2.47	2.09	3.91	2.97	2.85	4.18	2.74	3.14	4.54	3.76	4.66	4.90	3.39	4.89	4.79	4.70	3.18	3.53	3.85	4.25	2.87	2.84	3.63	4.16	1.60	4.04	2.38	3.14	4.25	3.53	3.77	2.37	3.18	2.29	3.30	3.37	3.92	2.01	2.13	1.26	1.68	1.84	2.13	2.42	1.80	1.63	1.51	1.29	1.00	1.83	1.45	2.15	1.93	0.40	0.71	1.29	1.60	1.25	2.22	3.88	1.90	2.85	2.03	3.20	3.11	3.55	2.87	2.23	4.07	4.62	2.06	2.44	3.23	4.51	2.19	1.45	0.00	2.34	3.39	3.98
2.73	2.24	2.92	2.66	2.66	3.91	4.02	3.17	2.74	2.44	2.28	1.67	2.70	2.90	4.08	2.43	2.12	2.65	2.92	2.11	2.44	2.74	2.43	4.25	3.24	3.19	4.09	3.09	3.49	4.89	4.11	4.58	4.81	3.65	4.80	5.06	4.61	3.45	3.80	4.12	4.52	3.14	3.18	3.90	4.51	1.95	4.39	2.73	3.48	4.59	3.88	4.12	2.72	3.52	2.63	3.65	3.72	4.27	2.23	2.35	1.60	2.03	2.19	2.48	2.77	2.15	1.98	1.86	1.64	1.35	2.17	1.80	1.38	2.28	0.74	1.06	1.64	0.30	1.60	2.57	4.15	2.24	2.07	2.21	2.32	2.10	3.89	2.47	2.14	3.29	3.67	1.89	1.45	2.36	4.86	1.30	1.79	0.35	0.00	3.73	4.33
3.60	0.85	1.70	4.08	3.68	2.82	2.92	2.08	1.64	2.95	2.78	2.49	3.64	1.98	4.20	2.37	2.73	3.27	3.54	2.73	2.38	3.43	2.55	4.84	3.94	3.31	5.14	3.83	4.17	5.21	4.62	5.63	5.86	4.36	5.85	5.60	5.66	4.15	4.49	4.81	5.21	3.83	3.93	4.59	5.01	2.69	5.00	3.48	4.23	4.71	4.00	4.58	2.84	3.64	2.76	3.77	2.62	3.17	3.22	3.34	2.10	0.81	0.97	1.26	1.60	1.60	2.80	2.42	2.51	2.21	1.57	2.62	3.37	2.90	2.87	1.87	2.45	2.62	2.28	3.19	4.84	2.86	4.06	3.06	4.41	4.32	4.51	3.89	3.44	5.28	5.78	3.27	3.66	4.44	4.79	3.41	2.28	2.80	3.56	0.00	4.26
5.79	4.42	3.96	5.17	3.92	4.60	4.70	3.86	3.42	3.12	2.96	3.89	3.88	2.92	2.16	2.61	2.97	3.51	3.78	2.97	2.62	3.67	2.46	2.80	3.79	2.60	4.51	3.44	2.77	2.39	2.58	4.41	3.97	4.41	3.90	2.78	4.26	4.13	3.53	3.85	3.38	3.75	3.40	3.58	2.97	2.93	2.96	3.10	2.69	1.82	2.42	2.54	1.73	0.92	2.66	2.36	4.40	4.34	5.42	5.54	4.18	4.22	3.72	3.59	3.45	3.16	2.99	2.59	4.70	4.41	3.77	3.43	5.56	3.14	5.06	4.07	3.98	4.50	4.15	3.42	3.88	3.10	5.97	4.03	5.43	5.30	2.47	4.98	5.64	6.44	6.75	5.47	5.47	5.46	0.53	5.50	4.37	4.67	4.95	4.77	0.00
